[
	{
		"color":1,
		"x":[156,148,126,156,203,148,156,170,157,147,156],
		"y":[38, 67, 16, 0,  30, 67, 38, 29, 11, 19, 38]
	},
	{
		"color":0,
		"x":[156,147,157,170,156],
		"y":[38, 19, 11, 29, 38]
	},
	{
		"color":0,
		"x":[148,143,93,98,126,148],
		"y":[67, 81, 40,31,16, 67]
	},
	{
		"color":1,
		"x":[143,126,78,93,143],
		"y":[81, 97, 64,40,81]
	},
	{
		"color":0,
		"x":[126,104,55, 78,126],
		"y":[97, 111,100,64,97]
	},
	{
		"color":2,
		"x":[126,143,148,203,186,148,126],
		"y":[97, 81, 67, 30, 106,100,97]
	},
	{
		"color":1,
		"x":[126,148,138,78, 62, 40, 55, 104,126],
		"y":[97, 100,129,146,143,124,100,111,97]
	},
	{
		"color":2,
		"x":[62, 65, 9,  40, 62],
		"y":[143,171,173,124,143]
	},
	{
		"color":1,
		"x":[65, 75, 5,  9,  65],
		"y":[171,191,204,173,171]
	},
	{
		"color":2,
		"x":[75, 97, 65, 44, 2,  5,  75],
		"y":[191,205,235,214,226,204,191]
	},
	{
		"color":0,
		"x":[65, 24, 0,  2,   44,65],
		"y":[235,280,244,226,214,235]
	},
	{
		"color":1,
		"x":[110,112,95, 65, 49, 24, 65, 97, 110],
		"y":[204,220,270,272,318,280,235,205,204]
	},
	{
		"color":3,
		"x":[148,186,156,112,110,138,148],
		"y":[100,106,241,220,204,129,100]
	},
	{
		"color":0,
		"x":[138,110,97, 75, 65, 62, 78, 138],
		"y":[129,204,205,191,171,143,146,129]
	},
	{
		"color":2,
		"x":[112,156,115,112,95, 112],
		"y":[220,241,318,357,270,220]
	},
	{
		"color":0,
		"x":[95, 112,111,89, 49, 65, 95],
		"y":[270,357,380,380,318,272,270]
	}
]













